counter_names <- c('Rock Road Totem/Rock Road Bus lane',
                   'N11 Stillorgan Road Totem/N11 Montrose cycle track',
                   'Clonskeagh Road Totem',
                   'Grange Road Totem',
                   'Wyatville off N11',
                   'Dun Laoghaire @ Seapoint Beach',
                   'Dun Laoghaire @ Peoples Park',
                   'Dun Laoghaire @ York Road',
                   'Glenageary',
                   'Clontarf James Larkin Road',
                   'Clontarf Pebble Beach Carpark',
                   'North Strand Road',
                   'Griffith Avenue',
                   'Drumcondra',
                   'Charleville Mall',
                   'Grove Road',
                   'Richmond Street'
                   )
  
counter_coords <- c('53.31594127085829, -6.203791660788807,53.30817479, 
                    -6.195249717,53.30298920553248, -6.183681757816466',
                    
                    '53.31341925234274, -6.222277742521,53.30639113,	
                    -6.21289843,53.29890406935059, -6.205113610695895',
                    
                    '53.31509482566162, -6.238058847455342,
                    53.312666285937595, -6.238854023682835,
                    53.30990343233019, -6.238138454951057,
                    53.307964961628166, -6.236925619060674,
                    53.30632809,	-6.237045736, 
                    53.305941782507226, -6.2370358911559,
                    53.30543436025934, -6.236635706155145,
                    53.30395886501703, -6.234947177765184,
                    53.303167276583316, -6.233766010095449,
                    53.30277807676257, -6.233545239964336,
                    53.29949611229232, -6.233352052504702,
                    53.298335007735794, -6.234058525463568',
                    
                    '53.28597680288756, -6.281933581373941,
                    53.286535945413604, -6.277661900933173,
                    53.28725655482299, -6.273660751648039,
                    53.287505593479736, -6.271705596827153,
                    53.28741438425268, -6.26658968475111,
                    53.287140893870564, -6.263801232108546',
                    
                    '53.24924465103437, -6.139322887536837,
                    53.24762048212148, -6.136893811493101,
                    53.25089543619175, -6.133341371451702,
                    53.25432713760073, -6.130398021327664,
                    53.25736723754662, -6.12833805934316,
                    53.25807222378641, -6.1281883536201756,
                    53.258954436740716, -6.128578408051816',
                    
                    '53.29886483812054, -6.17032285480156,
                    53.29847681786974, -6.162663598823482,
                    53.29760347784732, -6.160856096514807,
                    53.296509983938805, -6.15863873947347,
                    53.29515938302045, -6.154239027631172,
                    53.294711550691254, -6.151305889861561,
                    53.2947175838046, -6.1491522698430785,
                    53.29524991309667, -6.148043270613235',
                    
                    '53.296038093957385, -6.1392912231901775,
                    53.29536153305055, -6.136400981203681,
                    53.29449467036549, -6.133590074724273,
                    53.29311867915589, -6.130757862302221,
                    53.290861075305536, -6.127896450612257,
                    53.29058744549462, -6.127540743689271,
                    53.29031654889401, -6.12688232738145,
                    53.289285896887506, -6.125273611110977,
                    53.28777363853921, -6.122434770119642,
                    53.28761229479304, -6.12161173311096,
                    53.28774185657339, -6.119403187827793,
                    53.28752129416085, -6.118129994568842,
                    53.28747152135589, -6.11693811447694,
                    53.287156590560436, -6.115253994382638',
                    
                    '53.2962133340172, -6.141875834472353,
                    53.29581963420839, -6.142609025978308,
                    53.29218433859868, -6.142724688682097,
                    53.288695049572894, -6.145503262458309',
                    
                    '53.283480408396684, -6.146009749760437,
                    53.281958682761314, -6.140117331326832,
                    53.27973198326263, -6.1346755220915625,
                    53.27635077042016, -6.123825757519047',
                    
                    '53.360882187297456, -6.182167753556973,
                    53.3618906644019, -6.180073866696789,
                    53.36761235645437, -6.171724116308094,
                    53.37078310012749, -6.167356320969804,
                    53.37253205475873, -6.166142894586924,
                    53.37497592437169, -6.163461329968472',
                    
                    '53.36031648823401, -6.205455648626966,
                    53.36026610672996, -6.203209768748519,
                    53.35943400496262, -6.1975338865535194,
                    53.3590872753106, -6.196167692078745,
                    53.35833772119479, -6.194187475412351,
                    53.35820126031398, -6.1928409054969435,
                    53.35836868703303, -6.191053342715516,
                    53.35917371166741, -6.188168557653504,
                    53.35996956241633, -6.184961121860511,
                    53.36083259178297, -6.1823926533383',
                    
                    '53.35043787667956, -6.25044113336794,
                    53.352574082854254, -6.248908650412669,
                    53.35528100943352, -6.245982982620032,
                    53.35853582630269, -6.241207748369919,
                    53.362712214688095, -6.236679310213301,
                    53.36427082088669, -6.231351290314811',
                    
                    '53.37318729608853, -6.240820628073339,
                    53.37579509828883, -6.25033307351491,
                    53.37665982549681, -6.254276052806603,
                    53.37867928624553, -6.265174026872513,
                    53.379078291463934, -6.267999544798747',
                    
                    '53.35556101638817, -6.2658162708993865,
                    53.35959112465622, -6.261713669953596,
                    53.3634310764814, -6.258003427893744,
                    53.366322296406395, -6.255624528554682,
                    53.36768591792518, -6.255431418035721,
                    53.37200687688632, -6.253124678473826',
                    
                    '53.36151399726935, -6.259237457634083,
                    53.35903771044034, -6.248672696669308,
                    53.35714724679801, -6.245745802394455,
                    53.35606905127497, -6.243582237146503,
                    53.35584492995393, -6.243389131832582,
                    53.3554863366504, -6.243153121960425,
                    53.355262220856076, -6.243238964243311,
                    53.355140554728216, -6.243142414440582,
                    53.355070109005325, -6.2427883770247385,
                    53.35332189152991, -6.240910734637473,
                    53.352105149135525, -6.240363654947783,
                    53.35069630555062, -6.240492498638696,
                    53.34999177155029, -6.2406854347846386',
                    
                    '53.33053885356169, -6.283998123140335,
                    53.32955829148383, -6.27554916292124,
                    53.32979049260059, -6.26968739444241,
                    53.32996997092209, -6.26409144544985,
                    53.33039804218761, -6.259959475612596,
                    53.33133729382163, -6.255380074259794',
                    
                    '53.339886136769245, -6.265879751475334,
                    53.33836693282121, -6.266160014404974,
                    53.337697459564176, -6.265836561658028,
                    53.33552166675007, -6.2651896766085535,
